---Water Scene---
5
18
19
24
24
24
24
21
24
24
20
19
23
28
25
26
22
23
23
22
23
25
26
23
22
24
23
23
22
22
26
24
26
25
27
22
20
21
26
25
25
24
23
24
26
27
27
26
24
24
26
25
23
24
24
25
24
20
23
22
23
24
24
25
25
24
24
---Above is water scene---

---Jungle scene---
39
91
85
86
92
92
82
89
94
75
81
99
92
91
95
87
86
93
94
90
88
93
88
89
85
89
94
91
89
92
88
89
84
89
95
79
81
95
93
89
97
88
83
95
94
89
87
89
88
91
87
---Above is jungle scene---
---Main scene---
27
54
61
61
61
62
61
63
58
61
63
64
65
65
64
62
64
56
64
64
66
64
65
64
63
63
57
63
64
62
64
58
62
65
62
64
64
63
63
65
63
66
65
59
64
62
65
65
64
66
63
65
56
---Above is main scene


---------------- 256 fishes
31
145
148
152
177
178
171
171
180
189
175
176
192
195
197
193
195
201
188
201
199
200
198
197
196
191
198
198
192
197
193
197
193
188
195
195
193
192
194
195
194
195
196
197
192
196
202
196
198
200
198
192
193
192
191
193
193
------------- 512FISH
20
89
83
103
110
115
119
112
101
119
118
115
115
114
118
105
109
110
115
119
111
120
116
121
121
119
123
118
118
121
120
121
117
120
118
117
119
115
120
118
119
123
117
119
112
121
118
119
121
120
122
120
123
122
121
122
120
------------- 1024 FISJ
10
53
56
56
65
64
63
68
68
70
69
71
72
72
73
71
73
73
72
73
71
72
72
71
72
70
70
71
71
70
70
70
69
70
68
70
68
68
70
68
68
70
71
70
69
70
70
72
72
72
71
70
72
72
73
70
71
------------- 2048 FISH
6
32
30
36
37
36
38
37
37
35
38
40
41
40
41
41
41
41
40
40
38
38
38
38
38
37
38
37
37
37
36
37
36
36
35
36
36
35
36
36
37
37
37
37
37
36
35
33
29
30
33
33
35
36
36
36
------------- 4096 fish
3
14
16
15
16
18
18
17
15
15
15
15
15
15
15
15
14
15
14
15
14
14
14
14
13
13
12
12
9
11
10
10
9
9
9
9
8
8
7
7
6
6
6
6
6
5
5
5
6
6
6
6
6
6
6
6
6
------------- 8192 fiosh
1
7
6
7
8
9
8
8
7
6
5
4
5
5
5
5
5
5
5
5
5
5
5
5
5
5
5
5
5
5
5
5
5
5
5
5
5
6
5
5
6
5
5
5
6
5
7
7
6
6
6
6
6
6
6
6
------------- 16384 bibi
1
3
3
3
3
3
3
3
3
3
3
3
3
3
3
3
3
3
3
3
3
3
3
3
3
3
3
3
3
3
3
3
4
4
3
3
4
4
4
4
4
4
4
4
4
4
4
4
4
4
4
4
4
4
4
------------- 32768 fi
0
2
2
1
1
1
1
1
1
1
1
1
1
1
2
2
2
2
2
2
2
2
2
2
2
------------- 65536 ???
0
1
1
1
0
1
1
1
1
1
1
1
1
-------------  131072 - broke!
