---Water Scene---
5
18
19
24
24
24
24
21
24
24
20
19
23
28
25
26
22
23
23
22
23
25
26
23
22
24
23
23
22
22
26
24
26
25
27
22
20
21
26
25
25
24
23
24
26
27
27
26
24
24
26
25
23
24
24
25
24
20
23
22
23
24
24
25
25
24
24
---Above is water scene---

---Jungle scene---
39
91
85
86
92
92
82
89
94
75
81
99
92
91
95
87
86
93
94
90
88
93
88
89
85
89
94
91
89
92
88
89
84
89
95
79
81
95
93
89
97
88
83
95
94
89
87
89
88
91
87
---Above is jungle scene---
---Main scene---
27
54
61
61
61
62
61
63
58
61
63
64
65
65
64
62
64
56
64
64
66
64
65
64
63
63
57
63
64
62
64
58
62
65
62
64
64
63
63
65
63
66
65
59
64
62
65
65
64
66
63
65
56
---Above is main scene---