---Main scene---
61
73
50
52
44
61
55
25
70
64
70
50
61
66
68
58
71
65
66
67
53
58
62
50
49
62
63
64
69
63
33
68
56
69
63
66
68
71
61
47
63
66
52
60
63
40
57
62
68
67
44
64
65
64
64
61
45
---Above is main scene----------------

---water scene---
23
50
50
50
24
27
50
50
21
20
20
50
22
24
22
50
50
50
50
22
20
50
17
50
50
50
50
50
50
23
50
50
50
50
26
50
50
50
20
50
50
23
20
17
50
50
50
50
---Above is water scene----------------
---jungle scene---
242
50
34
85
80
81
88
134
165
34
60
83
114
103
84
120
34
92
94
91
85
138
52
30
93
82
88
104
90
57
32
95
83
78
105
130
28
81
105
93
72
106
98
32
96
103
99
94
86
95
35
83
87
92
---Above is jungle scene---